.Random.seed <-
c(403L, 10L, -634634679L, 1612323579L, -1352873270L, -2018591700L, 
-2007464913L, 936209637L, -291093092L, -1611569166L, 749793901L, 
-1745373273L, -1463653938L, -1223581912L, -1512811221L, 1525831497L, 
-2029020072L, -1844893434L, -1219939103L, -1837960077L, 1243250914L, 
167282772L, -1735045801L, 1797119309L, -843546396L, 1926208714L, 
1867665717L, -781895793L, 338846870L, -753292224L, -1925767933L, 
-404131551L, -53052912L, 1025180142L, -574655079L, -1403194837L, 
-1778588902L, -712672804L, -1209667617L, 1066776501L, -2001096372L, 
-1839958110L, 106847997L, 252620791L, 624064798L, -1353022504L, 
-1130019525L, 70107865L, -1816166808L, 1802002326L, 2128366353L, 
1611695299L, -368431918L, -337315484L, 731823271L, 125354493L, 
85208052L, 1302619354L, -1873385947L, -1872594113L, 106780870L, 
-1293904560L, 710024563L, 509478801L, -744547904L, -1307092066L, 
-211524247L, -889741925L, -537878358L, 1218035404L, 2024005519L, 
-1189205051L, 311562108L, 335654866L, -1404960947L, -940950009L, 
1200520686L, -2079168312L, 1010296779L, 1957900841L, -145747848L, 
-2127614554L, 526260161L, 1870081107L, -2082864382L, -927906252L, 
-1678490697L, 257680301L, 744917188L, 1427598570L, -1690983595L, 
-682756881L, -638362890L, 1077519904L, 373677027L, -1561816959L, 
-93212944L, 1792089486L, 1421693689L, -1075752821L, -1776248646L, 
2040884156L, -634482433L, -433933227L, -2069635220L, 409481154L, 
179480605L, 800577687L, -185711106L, -1951083080L, -2073904741L, 
1947189241L, -1172101304L, 1608352374L, 1655036849L, 865478115L, 
539089586L, 1534531332L, -1291637689L, 1977813789L, 1848930708L, 
-1275153094L, -1434138235L, 1547840095L, 1619414246L, -1220837520L, 
885620883L, 481479985L, -330941472L, -1637283714L, -505679095L, 
895391035L, -348165878L, -905013012L, 517039471L, 1322289829L, 
1994556508L, -1718467534L, -894713043L, 1845213671L, -2056690418L, 
1715780328L, 436843755L, 261983625L, 875588888L, 819605574L, 
374298785L, 1049763635L, 1641836194L, -277889644L, -1196743657L, 
773415949L, 148975908L, 630922506L, -1624195979L, -1970972721L, 
-1272022826L, -1766877056L, -2072844605L, -173354911L, -49807152L, 
-1563461074L, -51868711L, 1170199531L, -2142211494L, -1522916324L, 
237396255L, 27300213L, 1526894604L, 701553122L, 1877656253L, 
1278311735L, -979623458L, 1767745304L, 869330555L, -1741489127L, 
429411496L, -933583274L, -1841446191L, 478327427L, -968955630L, 
1401801892L, 257735783L, -664914499L, 2067359540L, 897914010L, 
-641639707L, -1578285953L, 1631542790L, -1623701104L, -832449485L, 
1643527121L, 1890988416L, -448045986L, -1393534039L, 634020443L, 
-1596426646L, 804772620L, 1186221391L, -201943547L, 535338172L, 
362306962L, -1850452339L, 699886791L, 1833355694L, -898829304L, 
1707894795L, 652000489L, -1126474824L, 878822502L, 1990124801L, 
-42966125L, -1977523134L, 1518795764L, 113997303L, 1522354669L, 
990923396L, 1070296234L, 1861138965L, -2000509265L, -223230794L, 
1361580768L, -1390875101L, -456036031L, 1577061424L, 865449550L, 
-1187822919L, 293091019L, 1710968698L, 1664606876L, 2014221842L, 
382849408L, -939998700L, 1991499304L, 1485168954L, 1837243344L, 
-1285722516L, -1100547276L, -1648668014L, 1034347872L, -1723976372L, 
787112928L, 2055126946L, 2140299176L, -54587508L, 538598076L, 
-636306574L, -1154391824L, 165096516L, 1947651416L, 165474362L, 
96945008L, 1912747068L, -916444396L, -133902910L, -633172768L, 
-1819232388L, 727152336L, -1832191326L, 1121031208L, 1393770764L, 
1283369916L, -1632115406L, 24287168L, -1520318924L, 708389832L, 
592282810L, 393652112L, -452597268L, -790277036L, 1658092178L, 
-1774007520L, -1300512308L, 599596000L, 1636079298L, 1599043112L, 
423833260L, -183015748L, 856089074L, 574691632L, -302536540L, 
-657900872L, 2109726554L, -1867145840L, 852036988L, 1275056404L, 
-2144694974L, -365210880L, -693826628L, -1058761904L, 1239008546L, 
1977264456L, -401445876L, 1006451804L, -296475438L, 641008640L, 
1243703124L, -1962829336L, -1455858694L, -350377264L, 699868460L, 
1316191476L, -1837636718L, -1345926048L, -172893940L, -455140640L, 
1178297698L, 1421809320L, -1527497140L, -2113047684L, 1422114610L, 
1420051056L, -1719430844L, 1894500312L, 1906918522L, -1748800976L, 
825618108L, 816557908L, -261685694L, 391430048L, 879844540L, 
-1031015984L, -633601694L, 1023231976L, 1703123916L, -1315094788L, 
-1557453838L, 106738816L, 580624628L, 264589448L, -375328454L, 
1407996752L, 309256300L, -65782636L, 1159079250L, 914801376L, 
-1927926580L, 231386272L, 1794788738L, 429260008L, 2125237484L, 
-397547460L, 659618930L, -319751056L, 982327844L, 1965340216L, 
1030537754L, -2040752944L, -1209645508L, 1289457812L, 1180048514L, 
-430384192L, -1320922820L, -1162027376L, 2137469986L, 1012916232L, 
-822795124L, 278463516L, 632672402L, 917406848L, -538178540L, 
-618645720L, 165951546L, -888264496L, -1510201236L, 2145975988L, 
906529810L, 756380640L, 189768652L, -129175072L, 1730390050L, 
-2132802264L, 1648578828L, -548781508L, 1212885234L, -1823232784L, 
-2118461628L, 1669368920L, 955508282L, -1787326224L, 1877452476L, 
823689748L, -778752830L, 274332256L, -260333188L, 94006480L, 
-50517982L, 1330676904L, -733916788L, 1985089980L, 2033056818L, 
1141872448L, -517336396L, -1656447672L, 1210721978L, -1523346672L, 
583645420L, -122938284L, 1387068178L, 378396064L, 43366348L, 
-499358880L, -1415705406L, -637402584L, -1252348500L, 1856650044L, 
485826418L, 2125127472L, 2008921124L, -12914120L, -686758182L, 
-1267510384L, 1308412156L, 115687828L, -2084138174L, -1770939904L, 
-2012457924L, 1082137168L, 567325858L, -1977469112L, -1969234420L, 
1877241564L, 1149325394L, 354041984L, 46426964L, -586394648L, 
-47791366L, -1060884656L, 397144108L, 1481515380L, 1142653586L, 
-1113304480L, -173468532L, -2103728800L, 793962722L, 1352347816L, 
1311820492L, -1329121796L, -346136654L, 186451952L, 1056024004L, 
-1102243496L, 1739978106L, -332311120L, 1526151612L, -2124527020L, 
-441389630L, 1451137824L, 513985468L, 1820714064L, -505622558L, 
-94743704L, 1921943372L, 360622844L, 1473936114L, -1493364480L, 
1838080148L, -800117083L, 595614639L, 2123331688L, 895126598L, 
-1929786893L, 1739552085L, 1238802226L, -1516866816L, 1510496233L, 
1737009755L, 543225004L, 349309626L, -961945489L, 488291833L, 
417065102L, 671891804L, 2011478477L, -1437246153L, -1829761088L, 
166127774L, -534049429L, 86545645L, -292215462L, -1264302568L, 
1038914433L, -526710477L, 2069292884L, 1851343202L, 925559287L, 
955443777L, -1873051962L, 1349681156L, 2014318517L, 1076412575L, 
1062190328L, 576677078L, -1052060317L, 1818075429L, 1804457666L, 
-103722064L, -1859637287L, -317052597L, 1197789116L, 568264682L, 
-1198862305L, 157079209L, -1928033730L, -1469065428L, -969617027L, 
32264135L, 47134384L, -1660390194L, -1618297349L, -167385507L, 
-2035797622L, 238225832L, 1038427921L, -2140228093L, 666972420L, 
-1396898510L, -166521977L, 2055234001L, 23182166L, 1164185908L, 
1644376133L, 990099599L, -69298680L, -690537946L, 1597065939L, 
-424928203L, -993950830L, 135209824L, 1769496265L, -2028158469L, 
2052173260L, -1968882598L, -843996849L, 1944412185L, 1876264494L, 
-351900612L, -2139797075L, 630475351L, 478978976L, 623905022L, 
-787596341L, -117219891L, -2097352454L, 1899737912L, 1193963745L, 
354050963L, -604108876L, -1088242494L, 1169821911L, 1663659297L, 
-1857004314L, -1538180636L, 1844868373L, 527306047L, -1050713896L, 
664994038L, 740989699L, 1193356357L, -596540318L, -1264471088L, 
-1661945607L, 855314987L, 423304604L, 2112234954L, -738421057L, 
1266456585L, -1002305250L, -1921741620L, -530691939L, -1312248537L, 
-1340858544L, 1750012398L, -1963641189L, -1451779843L, 1873477610L, 
203532424L, -1442122191L, -1312247645L, 926016676L, -1357544110L, 
-395915097L, 2000962801L, 646009910L, 663338196L, -1775026075L, 
489998959L, 157738152L, -1184800250L, -2076310733L, -494635115L, 
1427985394L, 86206528L, -307856983L, 2063947803L, -1150360084L, 
-144067078L, -145898961L, -609456583L, -1812367282L, -1658470244L, 
-825351667L, -1572757897L, 840447616L, 35411166L, -605722709L, 
